EXPLAIN
TAG	LSV
TITLE	LABEL	Simulated HER polarization curve	&Title
DATE	LABEL	7/7/2026	&Date
TIME	LABEL	12:00:00	&Time
NOTES	LINES	3	Simulated data (Tafel + mass-transport model)
Simulated cathodic LSV: j0 = 1e-3 mA/cm2, b = 120 mV/dec,
j_lim = 20 mA/cm2. No openly licensed LSV dataset was available;
all other samples are real measurements (see their notes).
SCANRATE	QUANT	5.	&Scan Rate (mV/s)
VINIT	QUANT	0.	&Initial E (V)
VFINAL	QUANT	-0.6	&Final E (V)
CURVE	TABLE	500
Pt	T	Vf	Im
#	s	V vs. Ref.	A
0	0	0	-3.90516e-07
1	0.240481	-0.0012024	-3.10326e-06
2	0.480962	-0.00240481	4.53732e-07
3	0.721443	-0.00360721	8.09519e-07
4	0.961924	-0.00480962	-4.99869e-06
5	1.2024	-0.00601202	-3.72657e-06
6	1.44289	-0.00721443	-8.92725e-07
7	1.68337	-0.00841683	-1.80769e-06
8	1.92385	-0.00961924	-1.23624e-06
9	2.16433	-0.0108216	-2.93679e-06
10	2.40481	-0.012024	4.99369e-07
11	2.64529	-0.0132265	2.66763e-07
12	2.88577	-0.0144289	-1.18684e-06
13	3.12625	-0.0156313	9.04801e-07
14	3.36673	-0.0168337	-4.46162e-07
15	3.60721	-0.0180361	-3.132e-06
16	3.8477	-0.0192385	-7.08901e-07
17	4.08818	-0.0204409	-3.39792e-06
18	4.32866	-0.0216433	2.42196e-07
19	4.56914	-0.0228457	-1.64991e-06
20	4.80962	-0.0240481	-1.95596e-06
21	5.0501	-0.0252505	-2.98511e-06
22	5.29058	-0.0264529	7.83948e-07
23	5.53106	-0.0276553	-2.00896e-06
24	5.77154	-0.0288577	-2.59623e-06
25	6.01202	-0.0300601	-2.48444e-06
26	6.25251	-0.0312625	-7.57101e-07
27	6.49299	-0.0324649	-1.13335e-06
28	6.73347	-0.0336673	-1.08228e-06
29	6.97395	-0.0348697	-1.09062e-06
30	7.21443	-0.0360721	2.28547e-06
31	7.45491	-0.0372745	-2.85728e-06
32	7.69539	-0.038477	-3.11665e-06
33	7.93587	-0.0396794	-3.76854e-06
34	8.17635	-0.0408818	-9.58998e-07
35	8.41683	-0.0420842	1.58563e-08
36	8.65731	-0.0432866	-2.52231e-06
37	8.8978	-0.044489	-4.02827e-06
38	9.13828	-0.0456914	-4.05172e-06
39	9.37876	-0.0468938	-1.15764e-06
40	9.61924	-0.0480962	-1.0297e-06
41	9.85972	-0.0492986	-1.48862e-06
42	10.1002	-0.050501	-3.96604e-06
43	10.3407	-0.0517034	-2.23219e-06
44	10.5812	-0.0529058	-2.52607e-06
45	10.8216	-0.0541082	-2.38647e-06
46	11.0621	-0.0553106	-1.14688e-06
47	11.3026	-0.056513	-2.50999e-06
48	11.5431	-0.0577154	-1.66836e-06
49	11.7836	-0.0589178	-2.96165e-06
50	12.024	-0.0601202	-2.59084e-06
51	12.2645	-0.0613226	-1.98046e-06
52	12.505	-0.0625251	-6.23303e-06
53	12.7455	-0.0637275	-4.0355e-06
54	12.986	-0.0649299	-4.41616e-06
55	13.2265	-0.0661323	-4.83427e-06
56	13.4669	-0.0673347	-4.1898e-06
57	13.7074	-0.0685371	-7.34561e-07
58	13.9479	-0.0697395	-5.54302e-06
59	14.1884	-0.0709419	-1.96374e-06
60	14.4289	-0.0721443	-7.35705e-06
61	14.6693	-0.0733467	-4.75422e-06
62	14.9098	-0.0745491	-3.85426e-06
63	15.1503	-0.0757515	-3.10485e-06
64	15.3908	-0.0769539	-2.95466e-06
65	15.6313	-0.0781563	-2.89256e-06
66	15.8717	-0.0793587	-5.28122e-06
67	16.1122	-0.0805611	-5.61544e-06
68	16.3527	-0.0817635	-3.08424e-06
69	16.5932	-0.0829659	-5.29481e-06
70	16.8337	-0.0841683	-7.5782e-06
71	17.0741	-0.0853707	-7.41069e-06
72	17.3146	-0.0865731	-7.10306e-06
73	17.5551	-0.0877756	-4.39267e-06
74	17.7956	-0.088978	-5.22783e-06
75	18.0361	-0.0901804	-4.26035e-06
76	18.2766	-0.0913828	-6.62745e-06
77	18.517	-0.0925852	-5.59057e-06
78	18.7575	-0.0937876	-4.79431e-06
79	18.998	-0.09499	-6.80525e-06
80	19.2385	-0.0961924	-5.41735e-06
81	19.479	-0.0973948	-7.80247e-06
82	19.7194	-0.0985972	-7.35589e-06
83	19.9599	-0.0997996	-7.54795e-06
84	20.2004	-0.101002	-9.33445e-06
85	20.4409	-0.102204	-6.13081e-06
86	20.6814	-0.103407	-8.20933e-06
87	20.9218	-0.104609	-7.41517e-06
88	21.1623	-0.105812	-6.65225e-06
89	21.4028	-0.107014	-6.89832e-06
90	21.6433	-0.108216	-6.64239e-06
91	21.8838	-0.109419	-8.35615e-06
92	22.1242	-0.110621	-9.19613e-06
93	22.3647	-0.111824	-8.70377e-06
94	22.6052	-0.113026	-1.21183e-05
95	22.8457	-0.114228	-1.18419e-05
96	23.0862	-0.115431	-1.18018e-05
97	23.3267	-0.116633	-1.13645e-05
98	23.5671	-0.117836	-8.78906e-06
99	23.8076	-0.119038	-1.16233e-05
100	24.0481	-0.12024	-1.07975e-05
101	24.2886	-0.121443	-7.67699e-06
102	24.5291	-0.122645	-1.12277e-05
103	24.7695	-0.123848	-9.28542e-06
104	25.01	-0.12505	-1.28787e-05
105	25.2505	-0.126253	-1.16792e-05
106	25.491	-0.127455	-1.34312e-05
107	25.7315	-0.128657	-1.24782e-05
108	25.9719	-0.12986	-1.03948e-05
109	26.2124	-0.131062	-1.58117e-05
110	26.4529	-0.132265	-1.17765e-05
111	26.6934	-0.133467	-1.24648e-05
112	26.9339	-0.134669	-1.44304e-05
113	27.1743	-0.135872	-1.64431e-05
114	27.4148	-0.137074	-1.37228e-05
115	27.6553	-0.138277	-1.52494e-05
116	27.8958	-0.139479	-1.40561e-05
117	28.1363	-0.140681	-1.48164e-05
118	28.3768	-0.141884	-1.20031e-05
119	28.6172	-0.143086	-1.604e-05
120	28.8577	-0.144289	-1.79712e-05
121	29.0982	-0.145491	-1.59371e-05
122	29.3387	-0.146693	-1.62357e-05
123	29.5792	-0.147896	-1.43462e-05
124	29.8196	-0.149098	-1.57922e-05
125	30.0601	-0.150301	-1.71559e-05
126	30.3006	-0.151503	-1.53598e-05
127	30.5411	-0.152705	-2.10903e-05
128	30.7816	-0.153908	-2.04286e-05
129	31.022	-0.15511	-2.14488e-05
130	31.2625	-0.156313	-2.08322e-05
131	31.503	-0.157515	-2.32735e-05
132	31.7435	-0.158717	-1.97282e-05
133	31.984	-0.15992	-2.19326e-05
134	32.2244	-0.161122	-2.49307e-05
135	32.4649	-0.162325	-2.45329e-05
136	32.7054	-0.163527	-2.23993e-05
137	32.9459	-0.164729	-2.18869e-05
138	33.1864	-0.165932	-2.0119e-05
139	33.4269	-0.167134	-1.88468e-05
140	33.6673	-0.168337	-2.44209e-05
141	33.9078	-0.169539	-2.78174e-05
142	34.1483	-0.170741	-3.07047e-05
143	34.3888	-0.171944	-2.65215e-05
144	34.6293	-0.173146	-2.93134e-05
145	34.8697	-0.174349	-2.91636e-05
146	35.1102	-0.175551	-3.02174e-05
147	35.3507	-0.176754	-2.99505e-05
148	35.5912	-0.177956	-2.82283e-05
149	35.8317	-0.179158	-3.07537e-05
150	36.0721	-0.180361	-3.21091e-05
151	36.3126	-0.181563	-3.46039e-05
152	36.5531	-0.182766	-3.664e-05
153	36.7936	-0.183968	-3.5039e-05
154	37.0341	-0.18517	-3.49677e-05
155	37.2745	-0.186373	-3.21364e-05
156	37.515	-0.187575	-3.62428e-05
157	37.7555	-0.188778	-3.53883e-05
158	37.996	-0.18998	-3.92225e-05
159	38.2365	-0.191182	-4.14842e-05
160	38.477	-0.192385	-4.19557e-05
161	38.7174	-0.193587	-4.24082e-05
162	38.9579	-0.19479	-3.76548e-05
163	39.1984	-0.195992	-4.45306e-05
164	39.4389	-0.197194	-4.22097e-05
165	39.6794	-0.198397	-4.67145e-05
166	39.9198	-0.199599	-4.40913e-05
167	40.1603	-0.200802	-4.62546e-05
168	40.4008	-0.202004	-4.84327e-05
169	40.6413	-0.203206	-4.93213e-05
170	40.8818	-0.204409	-5.16957e-05
171	41.1222	-0.205611	-5.0667e-05
172	41.3627	-0.206814	-5.36694e-05
173	41.6032	-0.208016	-5.64387e-05
174	41.8437	-0.209218	-5.77999e-05
175	42.0842	-0.210421	-5.61847e-05
176	42.3246	-0.211623	-5.46873e-05
177	42.5651	-0.212826	-5.88716e-05
178	42.8056	-0.214028	-6.08062e-05
179	43.0461	-0.21523	-6.14066e-05
180	43.2866	-0.216433	-6.08082e-05
181	43.5271	-0.217635	-6.44569e-05
182	43.7675	-0.218838	-6.72272e-05
183	44.008	-0.22004	-6.57374e-05
184	44.2485	-0.221242	-6.86729e-05
185	44.489	-0.222445	-6.8076e-05
186	44.7295	-0.223647	-7.24356e-05
187	44.9699	-0.22485	-7.69439e-05
188	45.2104	-0.226052	-7.89634e-05
189	45.4509	-0.227255	-7.46974e-05
190	45.6914	-0.228457	-7.63652e-05
191	45.9319	-0.229659	-8.20268e-05
192	46.1723	-0.230862	-8.43323e-05
193	46.4128	-0.232064	-8.25852e-05
194	46.6533	-0.233267	-8.97092e-05
195	46.8938	-0.234469	-9.13176e-05
196	47.1343	-0.235671	-9.03215e-05
197	47.3747	-0.236874	-9.45255e-05
198	47.6152	-0.238076	-9.59238e-05
199	47.8557	-0.239279	-9.84681e-05
200	48.0962	-0.240481	-9.97452e-05
201	48.3367	-0.241683	-9.99372e-05
202	48.5772	-0.242886	-0.000104957
203	48.8176	-0.244088	-0.000106291
204	49.0581	-0.245291	-0.000114176
205	49.2986	-0.246493	-0.000112728
206	49.5391	-0.247695	-0.000116931
207	49.7796	-0.248898	-0.000120356
208	50.02	-0.2501	-0.00012241
209	50.2605	-0.251303	-0.000124121
210	50.501	-0.252505	-0.000124484
211	50.7415	-0.253707	-0.000131898
212	50.982	-0.25491	-0.00013218
213	51.2224	-0.256112	-0.000136275
214	51.4629	-0.257315	-0.000139099
215	51.7034	-0.258517	-0.000139646
216	51.9439	-0.259719	-0.000143858
217	52.1844	-0.260922	-0.000145617
218	52.4248	-0.262124	-0.000152036
219	52.6653	-0.263327	-0.000156632
220	52.9058	-0.264529	-0.000159283
221	53.1463	-0.265731	-0.000162027
222	53.3868	-0.266934	-0.00016592
223	53.6273	-0.268136	-0.00017229
224	53.8677	-0.269339	-0.000173877
225	54.1082	-0.270541	-0.000177627
226	54.3487	-0.271743	-0.000177168
227	54.5892	-0.272946	-0.000182662
228	54.8297	-0.274148	-0.000192432
229	55.0701	-0.275351	-0.000195708
230	55.3106	-0.276553	-0.000202569
231	55.5511	-0.277756	-0.000205436
232	55.7916	-0.278958	-0.000208341
233	56.0321	-0.28016	-0.000211385
234	56.2725	-0.281363	-0.000220191
235	56.513	-0.282565	-0.000225089
236	56.7535	-0.283768	-0.000233239
237	56.994	-0.28497	-0.00023455
238	57.2345	-0.286172	-0.000241751
239	57.4749	-0.287375	-0.00024621
240	57.7154	-0.288577	-0.000252555
241	57.9559	-0.28978	-0.000256768
242	58.1964	-0.290982	-0.000266005
243	58.4369	-0.292184	-0.000271468
244	58.6774	-0.293387	-0.000270457
245	58.9178	-0.294589	-0.000283612
246	59.1583	-0.295792	-0.000289696
247	59.3988	-0.296994	-0.00029044
248	59.6393	-0.298196	-0.000295065
249	59.8798	-0.299399	-0.000310133
250	60.1202	-0.300601	-0.000315597
251	60.3607	-0.301804	-0.000321408
252	60.6012	-0.303006	-0.000326028
253	60.8417	-0.304208	-0.00033902
254	61.0822	-0.305411	-0.000345267
255	61.3226	-0.306613	-0.000351127
256	61.5631	-0.307816	-0.000359896
257	61.8036	-0.309018	-0.000369783
258	62.0441	-0.31022	-0.000377749
259	62.2846	-0.311423	-0.000388871
260	62.5251	-0.312625	-0.000395432
261	62.7655	-0.313828	-0.00040452
262	63.006	-0.31503	-0.000412758
263	63.2465	-0.316232	-0.000423774
264	63.487	-0.317435	-0.000431372
265	63.7275	-0.318637	-0.000440157
266	63.9679	-0.31984	-0.000451958
267	64.2084	-0.321042	-0.000461878
268	64.4489	-0.322244	-0.000473016
269	64.6894	-0.323447	-0.000483898
270	64.9299	-0.324649	-0.000496356
271	65.1703	-0.325852	-0.000505539
272	65.4108	-0.327054	-0.000517875
273	65.6513	-0.328257	-0.000525257
274	65.8918	-0.329459	-0.000538319
275	66.1323	-0.330661	-0.000552982
276	66.3727	-0.331864	-0.000567839
277	66.6132	-0.333066	-0.000581373
278	66.8537	-0.334269	-0.000589883
279	67.0942	-0.335471	-0.000605144
280	67.3347	-0.336673	-0.000618408
281	67.5752	-0.337876	-0.000636856
282	67.8156	-0.339078	-0.000645816
283	68.0561	-0.340281	-0.000661378
284	68.2966	-0.341483	-0.000679443
285	68.5371	-0.342685	-0.000693424
286	68.7776	-0.343888	-0.000707544
287	69.018	-0.34509	-0.000723895
288	69.2585	-0.346293	-0.000740857
289	69.499	-0.347495	-0.000757104
290	69.7395	-0.348697	-0.000774383
291	69.98	-0.3499	-0.000790922
292	70.2204	-0.351102	-0.000806005
293	70.4609	-0.352305	-0.000832181
294	70.7014	-0.353507	-0.000846009
295	70.9419	-0.354709	-0.000864064
296	71.1824	-0.355912	-0.00088311
297	71.4228	-0.357114	-0.00090414
298	71.6633	-0.358317	-0.000927021
299	71.9038	-0.359519	-0.000943389
300	72.1443	-0.360721	-0.000961561
301	72.3848	-0.361924	-0.000989497
302	72.6253	-0.363126	-0.00100656
303	72.8657	-0.364329	-0.00103127
304	73.1062	-0.365531	-0.00105352
305	73.3467	-0.366733	-0.00107877
306	73.5872	-0.367936	-0.00110108
307	73.8277	-0.369138	-0.00112205
308	74.0681	-0.370341	-0.00114823
309	74.3086	-0.371543	-0.00117118
310	74.5491	-0.372745	-0.00119806
311	74.7896	-0.373948	-0.00122583
312	75.0301	-0.37515	-0.00125006
313	75.2705	-0.376353	-0.00128006
314	75.511	-0.377555	-0.00130722
315	75.7515	-0.378758	-0.00133797
316	75.992	-0.37996	-0.00136633
317	76.2325	-0.381162	-0.00139753
318	76.4729	-0.382365	-0.00142441
319	76.7134	-0.383567	-0.00145962
320	76.9539	-0.38477	-0.00148718
321	77.1944	-0.385972	-0.00152123
322	77.4349	-0.387174	-0.00155124
323	77.6754	-0.388377	-0.00158547
324	77.9158	-0.389579	-0.00161737
325	78.1563	-0.390782	-0.00165425
326	78.3968	-0.391984	-0.00169423
327	78.6373	-0.393186	-0.00172728
328	78.8778	-0.394389	-0.00176625
329	79.1182	-0.395591	-0.0018024
330	79.3587	-0.396794	-0.00183652
331	79.5992	-0.397996	-0.00187717
332	79.8397	-0.399198	-0.00191948
333	80.0802	-0.400401	-0.0019605
334	80.3206	-0.401603	-0.00199954
335	80.5611	-0.402806	-0.00204395
336	80.8016	-0.404008	-0.00208554
337	81.0421	-0.40521	-0.00212705
338	81.2826	-0.406413	-0.00216963
339	81.523	-0.407615	-0.0022158
340	81.7635	-0.408818	-0.00226749
341	82.004	-0.41002	-0.00230901
342	82.2445	-0.411222	-0.00235703
343	82.485	-0.412425	-0.00240475
344	82.7255	-0.413627	-0.0024516
345	82.9659	-0.41483	-0.00250908
346	83.2064	-0.416032	-0.00255713
347	83.4469	-0.417234	-0.00260664
348	83.6874	-0.418437	-0.00266375
349	83.9279	-0.419639	-0.00271131
350	84.1683	-0.420842	-0.00276811
351	84.4088	-0.422044	-0.00282265
352	84.6493	-0.423246	-0.00288191
353	84.8898	-0.424449	-0.0029365
354	85.1303	-0.425651	-0.00299429
355	85.3707	-0.426854	-0.00305522
356	85.6112	-0.428056	-0.00311542
357	85.8517	-0.429259	-0.00317652
358	86.0922	-0.430461	-0.00324094
359	86.3327	-0.431663	-0.00330262
360	86.5731	-0.432866	-0.00336674
361	86.8136	-0.434068	-0.00343076
362	87.0541	-0.435271	-0.00349561
363	87.2946	-0.436473	-0.00356681
364	87.5351	-0.437675	-0.00363303
365	87.7756	-0.438878	-0.00369892
366	88.016	-0.44008	-0.00377347
367	88.2565	-0.441283	-0.00384475
368	88.497	-0.442485	-0.00391484
369	88.7375	-0.443687	-0.00398672
370	88.978	-0.44489	-0.00406256
371	89.2184	-0.446092	-0.00413513
372	89.4589	-0.447295	-0.00421231
373	89.6994	-0.448497	-0.00428959
374	89.9399	-0.449699	-0.00436844
375	90.1804	-0.450902	-0.00444419
376	90.4208	-0.452104	-0.00452958
377	90.6613	-0.453307	-0.00461452
378	90.9018	-0.454509	-0.00468966
379	91.1423	-0.455711	-0.00477716
380	91.3828	-0.456914	-0.00486042
381	91.6232	-0.458116	-0.00494341
382	91.8637	-0.459319	-0.00503562
383	92.1042	-0.460521	-0.00512231
384	92.3447	-0.461723	-0.00521139
385	92.5852	-0.462926	-0.00529914
386	92.8257	-0.464128	-0.00538701
387	93.0661	-0.465331	-0.00547814
388	93.3066	-0.466533	-0.0055709
389	93.5471	-0.467735	-0.00566748
390	93.7876	-0.468938	-0.00576342
391	94.0281	-0.47014	-0.00585376
392	94.2685	-0.471343	-0.0059508
393	94.509	-0.472545	-0.00604582
394	94.7495	-0.473747	-0.00614311
395	94.99	-0.47495	-0.00624288
396	95.2305	-0.476152	-0.00634115
397	95.4709	-0.477355	-0.00644256
398	95.7114	-0.478557	-0.00654313
399	95.9519	-0.47976	-0.00664758
400	96.1924	-0.480962	-0.00674931
401	96.4329	-0.482164	-0.00685211
402	96.6733	-0.483367	-0.00695517
403	96.9138	-0.484569	-0.00706264
404	97.1543	-0.485772	-0.00716656
405	97.3948	-0.486974	-0.00727458
406	97.6353	-0.488176	-0.00738141
407	97.8758	-0.489379	-0.00748728
408	98.1162	-0.490581	-0.00760132
409	98.3567	-0.491784	-0.00770893
410	98.5972	-0.492986	-0.00781887
411	98.8377	-0.494188	-0.00793071
412	99.0782	-0.495391	-0.00803805
413	99.3186	-0.496593	-0.00814636
414	99.5591	-0.497796	-0.00826006
415	99.7996	-0.498998	-0.00837118
416	100.04	-0.5002	-0.00848191
417	100.281	-0.501403	-0.00859433
418	100.521	-0.502605	-0.00871039
419	100.762	-0.503808	-0.00882115
420	101.002	-0.50501	-0.00893759
421	101.242	-0.506212	-0.00905364
422	101.483	-0.507415	-0.0091676
423	101.723	-0.508617	-0.00928404
424	101.964	-0.50982	-0.0093977
425	102.204	-0.511022	-0.00951166
426	102.445	-0.512224	-0.00962448
427	102.685	-0.513427	-0.00973789
428	102.926	-0.514629	-0.00985941
429	103.166	-0.515832	-0.00997121
430	103.407	-0.517034	-0.0100894
431	103.647	-0.518236	-0.0102017
432	103.888	-0.519439	-0.0103182
433	104.128	-0.520641	-0.0104368
434	104.369	-0.521844	-0.0105464
435	104.609	-0.523046	-0.0106644
436	104.85	-0.524248	-0.010779
437	105.09	-0.525451	-0.0108946
438	105.331	-0.526653	-0.0110081
439	105.571	-0.527856	-0.01112
440	105.812	-0.529058	-0.011235
441	106.052	-0.530261	-0.0113474
442	106.293	-0.531463	-0.0114604
443	106.533	-0.532665	-0.0115712
444	106.774	-0.533868	-0.0116868
445	107.014	-0.53507	-0.0118009
446	107.255	-0.536273	-0.0119073
447	107.495	-0.537475	-0.012021
448	107.735	-0.538677	-0.0121285
449	107.976	-0.53988	-0.0122398
450	108.216	-0.541082	-0.0123501
451	108.457	-0.542285	-0.0124578
452	108.697	-0.543487	-0.0125627
453	108.938	-0.544689	-0.0126699
454	109.178	-0.545892	-0.0127807
455	109.419	-0.547094	-0.0128866
456	109.659	-0.548297	-0.0129901
457	109.9	-0.549499	-0.0130986
458	110.14	-0.550701	-0.0132002
459	110.381	-0.551904	-0.0133041
460	110.621	-0.553106	-0.0134058
461	110.862	-0.554309	-0.0135096
462	111.102	-0.555511	-0.0136119
463	111.343	-0.556713	-0.0137128
464	111.583	-0.557916	-0.0138099
465	111.824	-0.559118	-0.0139068
466	112.064	-0.560321	-0.0140038
467	112.305	-0.561523	-0.0140958
468	112.545	-0.562725	-0.0141929
469	112.786	-0.563928	-0.0142917
470	113.026	-0.56513	-0.0143827
471	113.267	-0.566333	-0.0144769
472	113.507	-0.567535	-0.0145685
473	113.747	-0.568737	-0.0146583
474	113.988	-0.56994	-0.0147473
475	114.228	-0.571142	-0.0148381
476	114.469	-0.572345	-0.0149231
477	114.709	-0.573547	-0.0150144
478	114.95	-0.574749	-0.015098
479	115.19	-0.575952	-0.0151777
480	115.431	-0.577154	-0.0152663
481	115.671	-0.578357	-0.0153468
482	115.912	-0.579559	-0.0154313
483	116.152	-0.580762	-0.0155111
484	116.393	-0.581964	-0.0155922
485	116.633	-0.583166	-0.0156712
486	116.874	-0.584369	-0.0157502
487	117.114	-0.585571	-0.0158245
488	117.355	-0.586774	-0.0159027
489	117.595	-0.587976	-0.0159744
490	117.836	-0.589178	-0.0160472
491	118.076	-0.590381	-0.0161213
492	118.317	-0.591583	-0.0161942
493	118.557	-0.592786	-0.0162633
494	118.798	-0.593988	-0.0163344
495	119.038	-0.59519	-0.0164005
496	119.279	-0.596393	-0.0164736
497	119.519	-0.597595	-0.0165372
498	119.76	-0.598798	-0.0166061
499	120	-0.6	-0.0166697
